"2016-11-20 18:13:47,098",I,R,Rule,Input size,Input area,Automaton size,Concat before,Estimator,Training sets,Testing sets,Distractor period,Point (success),R1 correct,R1 wrong bits,R2 correct,R2 wrong bits
"2016-11-20 18:13:49,526",2,4,160,4,40,40,True,LinearRegression,32,32,200,0,0,160,0,160
"2016-11-20 18:13:52,004",2,4,160,4,40,40,True,LinearRegression,32,32,200,0,0,160,0,160
"2016-11-20 18:13:55,391",2,4,160,4,40,40,True,LinearRegression,32,32,200,0,0,160,0,160
"2016-11-20 18:13:58,630",2,4,160,4,40,40,True,LinearRegression,32,32,200,0,0,160,0,160
"2016-11-20 18:14:01,693",2,4,160,4,40,40,True,LinearRegression,32,32,200,0,0,160,0,160
"2016-11-20 18:14:04,530",2,4,160,4,40,40,True,LinearRegression,32,32,200,0,0,160,0,160
"2016-11-20 18:14:07,557",2,4,160,4,40,40,True,LinearRegression,32,32,200,0,0,160,0,160
"2016-11-20 18:14:10,548",2,4,160,4,40,40,True,LinearRegression,32,32,200,0,0,160,0,160
"2016-11-20 18:14:13,455",2,4,160,4,40,40,True,LinearRegression,32,32,200,0,0,160,0,160
"2016-11-20 18:14:16,698",2,4,160,4,40,40,True,LinearRegression,32,32,200,0,0,160,0,160
"2016-11-20 18:14:19,523",2,4,160,4,40,40,True,LinearRegression,32,32,200,0,0,160,0,160
"2016-11-20 18:14:22,209",2,4,160,4,40,40,True,LinearRegression,32,32,200,0,0,160,0,160
"2016-11-20 18:14:24,602",2,4,160,4,40,40,True,LinearRegression,32,32,200,0,0,160,0,160
"2016-11-20 18:14:27,269",2,4,160,4,40,40,True,LinearRegression,32,32,200,0,0,160,0,160
"2016-11-20 18:14:30,485",2,4,160,4,40,40,True,LinearRegression,32,32,200,0,0,160,0,160
"2016-11-20 18:14:33,933",2,4,160,4,40,40,True,LinearRegression,32,32,200,0,0,160,0,160
"2016-11-20 18:14:36,868",2,4,160,4,40,40,True,LinearRegression,32,32,200,0,0,160,0,160
"2016-11-20 18:14:39,462",2,4,160,4,40,40,True,LinearRegression,32,32,200,0,0,160,0,160
"2016-11-20 18:14:42,143",2,4,160,4,40,40,True,LinearRegression,32,32,200,0,0,160,0,160
"2016-11-20 18:14:44,730",2,4,160,4,40,40,True,LinearRegression,32,32,200,0,0,160,0,160
"2016-11-20 18:14:47,510",2,4,160,4,40,40,True,LinearRegression,32,32,200,0,0,160,0,160
"2016-11-20 18:14:50,168",2,4,160,4,40,40,True,LinearRegression,32,32,200,0,0,160,0,160
"2016-11-20 18:14:52,742",2,4,160,4,40,40,True,LinearRegression,32,32,200,0,0,160,0,160
"2016-11-20 18:14:55,453",2,4,160,4,40,40,True,LinearRegression,32,32,200,0,0,160,0,160
"2016-11-20 18:14:58,205",2,4,160,4,40,40,True,LinearRegression,32,32,200,0,0,160,0,160
"2016-11-20 18:15:00,873",2,4,160,4,40,40,True,LinearRegression,32,32,200,0,0,160,0,160
"2016-11-20 18:15:03,497",2,4,160,4,40,40,True,LinearRegression,32,32,200,0,0,160,0,160
"2016-11-20 18:15:06,123",2,4,160,4,40,40,True,LinearRegression,32,32,200,0,0,160,0,160
"2016-11-20 18:15:08,756",2,4,160,4,40,40,True,LinearRegression,32,32,200,0,0,160,0,160
"2016-11-20 18:15:11,216",2,4,160,4,40,40,True,LinearRegression,32,32,200,0,0,160,0,160
"2016-11-20 18:15:13,955",2,4,160,4,40,40,True,LinearRegression,32,32,200,0,0,160,0,160
"2016-11-20 18:15:16,625",2,4,160,4,40,40,True,LinearRegression,32,32,200,0,0,160,0,160
"2016-11-20 18:15:20,577",2,4,160,4,40,40,True,LinearRegression,32,32,200,0,0,160,0,160
"2016-11-20 18:15:23,796",2,4,160,4,40,40,True,LinearRegression,32,32,200,0,0,160,0,160
"2016-11-20 18:15:26,675",2,4,160,4,40,40,True,LinearRegression,32,32,200,0,0,160,0,160
"2016-11-20 18:15:29,547",2,4,160,4,40,40,True,LinearRegression,32,32,200,0,0,160,0,160
"2016-11-20 18:15:32,696",2,4,160,4,40,40,True,LinearRegression,32,32,200,0,0,160,0,160
"2016-11-20 18:15:35,519",2,4,160,4,40,40,True,LinearRegression,32,32,200,0,0,160,0,160
"2016-11-20 18:15:38,196",2,4,160,4,40,40,True,LinearRegression,32,32,200,0,0,160,0,160
"2016-11-20 18:15:40,788",2,4,160,4,40,40,True,LinearRegression,32,32,200,0,0,160,0,160
"2016-11-20 18:15:43,553",2,4,160,4,40,40,True,LinearRegression,32,32,200,0,0,160,0,160
"2016-11-20 18:15:46,074",2,4,160,4,40,40,True,LinearRegression,32,32,200,0,0,160,0,160
"2016-11-20 18:15:48,696",2,4,160,4,40,40,True,LinearRegression,32,32,200,0,0,160,0,160
"2016-11-20 18:15:51,461",2,4,160,4,40,40,True,LinearRegression,32,32,200,0,0,160,0,160
"2016-11-20 18:15:54,198",2,4,160,4,40,40,True,LinearRegression,32,32,200,0,0,160,0,160
"2016-11-20 18:15:56,836",2,4,160,4,40,40,True,LinearRegression,32,32,200,0,0,160,0,160
"2016-11-20 18:15:59,580",2,4,160,4,40,40,True,LinearRegression,32,32,200,0,0,160,0,160
"2016-11-20 18:16:02,093",2,4,160,4,40,40,True,LinearRegression,32,32,200,0,0,160,0,160
"2016-11-20 18:16:04,526",2,4,160,4,40,40,True,LinearRegression,32,32,200,0,0,160,0,160
"2016-11-20 18:16:07,193",2,4,160,4,40,40,True,LinearRegression,32,32,200,0,0,160,0,160
"2016-11-20 18:16:10,098",2,4,160,4,40,40,True,LinearRegression,32,32,200,0,0,160,0,160
"2016-11-20 18:16:14,043",2,4,160,4,40,40,True,LinearRegression,32,32,200,0,0,160,0,160
"2016-11-20 18:16:17,067",2,4,160,4,40,40,True,LinearRegression,32,32,200,0,0,160,0,160
"2016-11-20 18:16:19,621",2,4,160,4,40,40,True,LinearRegression,32,32,200,0,0,160,0,160
"2016-11-20 18:16:22,237",2,4,160,4,40,40,True,LinearRegression,32,32,200,0,0,160,0,160
"2016-11-20 18:16:24,862",2,4,160,4,40,40,True,LinearRegression,32,32,200,0,0,160,0,160
"2016-11-20 18:16:27,584",2,4,160,4,40,40,True,LinearRegression,32,32,200,0,0,160,0,160
"2016-11-20 18:16:30,173",2,4,160,4,40,40,True,LinearRegression,32,32,200,0,0,160,0,160
"2016-11-20 18:16:32,727",2,4,160,4,40,40,True,LinearRegression,32,32,200,0,0,160,0,160
"2016-11-20 18:16:35,537",2,4,160,4,40,40,True,LinearRegression,32,32,200,0,0,160,0,160
"2016-11-20 18:16:38,257",2,4,160,4,40,40,True,LinearRegression,32,32,200,0,0,160,0,160
"2016-11-20 18:16:40,883",2,4,160,4,40,40,True,LinearRegression,32,32,200,0,0,160,0,160
"2016-11-20 18:16:43,629",2,4,160,4,40,40,True,LinearRegression,32,32,200,0,0,160,0,160
"2016-11-20 18:16:46,400",2,4,160,4,40,40,True,LinearRegression,32,32,200,0,0,160,0,160
"2016-11-20 18:16:49,072",2,4,160,4,40,40,True,LinearRegression,32,32,200,0,0,160,0,160
"2016-11-20 18:16:51,879",2,4,160,4,40,40,True,LinearRegression,32,32,200,0,0,160,0,160
"2016-11-20 18:16:54,561",2,4,160,4,40,40,True,LinearRegression,32,32,200,0,0,160,0,160
"2016-11-20 18:16:57,305",2,4,160,4,40,40,True,LinearRegression,32,32,200,0,0,160,0,160
"2016-11-20 18:17:00,063",2,4,160,4,40,40,True,LinearRegression,32,32,200,0,0,160,0,160
"2016-11-20 18:17:03,730",2,4,160,4,40,40,True,LinearRegression,32,32,200,0,0,160,0,160
"2016-11-20 18:17:07,183",2,4,160,4,40,40,True,LinearRegression,32,32,200,0,0,160,0,160
"2016-11-20 18:17:10,295",2,4,160,4,40,40,True,LinearRegression,32,32,200,0,0,160,0,160
"2016-11-20 18:17:13,089",2,4,160,4,40,40,True,LinearRegression,32,32,200,0,0,160,0,160
"2016-11-20 18:17:15,669",2,4,160,4,40,40,True,LinearRegression,32,32,200,0,0,160,0,160
"2016-11-20 18:17:18,401",2,4,160,4,40,40,True,LinearRegression,32,32,200,0,0,160,0,160
"2016-11-20 18:17:21,252",2,4,160,4,40,40,True,LinearRegression,32,32,200,0,0,160,0,160
"2016-11-20 18:17:25,460",2,4,160,4,40,40,True,LinearRegression,32,32,200,0,0,160,0,160
"2016-11-20 18:17:28,678",2,4,160,4,40,40,True,LinearRegression,32,32,200,0,0,160,0,160
"2016-11-20 18:17:31,571",2,4,160,4,40,40,True,LinearRegression,32,32,200,0,0,160,0,160
"2016-11-20 18:17:34,436",2,4,160,4,40,40,True,LinearRegression,32,32,200,0,0,160,0,160
"2016-11-20 18:17:36,995",2,4,160,4,40,40,True,LinearRegression,32,32,200,0,0,160,0,160
"2016-11-20 18:17:39,771",2,4,160,4,40,40,True,LinearRegression,32,32,200,0,0,160,0,160
"2016-11-20 18:17:43,245",2,4,160,4,40,40,True,LinearRegression,32,32,200,0,0,160,0,160
"2016-11-20 18:17:46,893",2,4,160,4,40,40,True,LinearRegression,32,32,200,0,0,160,0,160
"2016-11-20 18:17:49,989",2,4,160,4,40,40,True,LinearRegression,32,32,200,0,0,160,0,160
"2016-11-20 18:17:52,729",2,4,160,4,40,40,True,LinearRegression,32,32,200,0,0,160,0,160
"2016-11-20 18:17:55,939",2,4,160,4,40,40,True,LinearRegression,32,32,200,0,0,160,0,160
"2016-11-20 18:17:58,805",2,4,160,4,40,40,True,LinearRegression,32,32,200,0,0,160,0,160
"2016-11-20 18:18:01,442",2,4,160,4,40,40,True,LinearRegression,32,32,200,0,0,160,0,160
"2016-11-20 18:18:03,820",2,4,160,4,40,40,True,LinearRegression,32,32,200,0,0,160,0,160
"2016-11-20 18:18:06,391",2,4,160,4,40,40,True,LinearRegression,32,32,200,0,0,160,0,160
"2016-11-20 18:18:09,234",2,4,160,4,40,40,True,LinearRegression,32,32,200,0,0,160,0,160
"2016-11-20 18:18:11,863",2,4,160,4,40,40,True,LinearRegression,32,32,200,0,0,160,0,160
"2016-11-20 18:18:14,548",2,4,160,4,40,40,True,LinearRegression,32,32,200,0,0,160,0,160
"2016-11-20 18:18:17,204",2,4,160,4,40,40,True,LinearRegression,32,32,200,0,0,160,0,160
"2016-11-20 18:18:19,921",2,4,160,4,40,40,True,LinearRegression,32,32,200,0,0,160,0,160
"2016-11-20 18:18:22,592",2,4,160,4,40,40,True,LinearRegression,32,32,200,0,0,160,0,160
"2016-11-20 18:18:25,264",2,4,160,4,40,40,True,LinearRegression,32,32,200,0,0,160,0,160
"2016-11-20 18:18:27,876",2,4,160,4,40,40,True,LinearRegression,32,32,200,0,0,160,0,160
"2016-11-20 18:18:30,515",2,4,160,4,40,40,True,LinearRegression,32,32,200,0,0,160,0,160
"2016-11-20 18:18:33,125",2,4,160,4,40,40,True,LinearRegression,32,32,200,0,0,160,0,160
"2016-11-20 18:18:35,958",2,4,160,4,40,40,True,LinearRegression,32,32,200,0,0,160,0,160
"2016-11-20 18:18:39,642",2,4,160,4,40,40,True,LinearRegression,32,32,200,0,0,160,0,160
"2016-11-20 18:18:43,197",2,4,160,4,40,40,True,LinearRegression,32,32,200,0,0,160,0,160
"2016-11-20 18:18:46,218",2,4,160,4,40,40,True,LinearRegression,32,32,200,0,0,160,0,160
"2016-11-20 18:18:49,002",2,4,160,4,40,40,True,LinearRegression,32,32,200,0,0,160,0,160
"2016-11-20 18:18:52,115",2,4,160,4,40,40,True,LinearRegression,32,32,200,0,0,160,0,160
"2016-11-20 18:18:54,990",2,4,160,4,40,40,True,LinearRegression,32,32,200,0,0,160,0,160
"2016-11-20 18:18:57,766",2,4,160,4,40,40,True,LinearRegression,32,32,200,0,0,160,0,160
"2016-11-20 18:19:00,484",2,4,160,4,40,40,True,LinearRegression,32,32,200,0,0,160,0,160
"2016-11-20 18:19:03,295",2,4,160,4,40,40,True,LinearRegression,32,32,200,0,0,160,0,160
"2016-11-20 18:19:06,586",2,4,160,4,40,40,True,LinearRegression,32,32,200,0,0,160,0,160
"2016-11-20 18:19:10,379",2,4,160,4,40,40,True,LinearRegression,32,32,200,0,0,160,0,160
"2016-11-20 18:19:13,574",2,4,160,4,40,40,True,LinearRegression,32,32,200,0,0,160,0,160
"2016-11-20 18:19:16,429",2,4,160,4,40,40,True,LinearRegression,32,32,200,0,0,160,0,160
"2016-11-20 18:19:19,510",2,4,160,4,40,40,True,LinearRegression,32,32,200,0,0,160,0,160
"2016-11-20 18:19:22,639",2,4,160,4,40,40,True,LinearRegression,32,32,200,0,0,160,0,160
"2016-11-20 18:19:25,366",2,4,160,4,40,40,True,LinearRegression,32,32,200,0,0,160,0,160
"2016-11-20 18:19:28,022",2,4,160,4,40,40,True,LinearRegression,32,32,200,0,0,160,0,160
"2016-11-20 18:19:30,727",2,4,160,4,40,40,True,LinearRegression,32,32,200,0,0,160,0,160
"2016-11-20 18:19:33,427",2,4,160,4,40,40,True,LinearRegression,32,32,200,0,0,160,0,160
"2016-11-20 18:19:36,194",2,4,160,4,40,40,True,LinearRegression,32,32,200,0,0,160,0,160
"2016-11-20 18:19:40,056",2,4,160,4,40,40,True,LinearRegression,32,32,200,0,0,160,0,160
"2016-11-20 18:19:43,549",2,4,160,4,40,40,True,LinearRegression,32,32,200,0,0,160,0,160
"2016-11-20 18:19:46,593",2,4,160,4,40,40,True,LinearRegression,32,32,200,0,0,160,0,160
"2016-11-20 18:19:49,403",2,4,160,4,40,40,True,LinearRegression,32,32,200,0,0,160,0,160
"2016-11-20 18:19:52,614",2,4,160,4,40,40,True,LinearRegression,32,32,200,0,0,160,0,160
"2016-11-20 18:19:55,559",2,4,160,4,40,40,True,LinearRegression,32,32,200,0,0,160,0,160
"2016-11-20 18:19:58,310",2,4,160,4,40,40,True,LinearRegression,32,32,200,0,0,160,0,160
"2016-11-20 18:20:00,939",2,4,160,4,40,40,True,LinearRegression,32,32,200,0,0,160,0,160
"2016-11-20 18:20:03,565",2,4,160,4,40,40,True,LinearRegression,32,32,200,0,0,160,0,160
"2016-11-20 18:20:06,380",2,4,160,4,40,40,True,LinearRegression,32,32,200,0,0,160,0,160
"2016-11-20 18:20:10,292",2,4,160,4,40,40,True,LinearRegression,32,32,200,0,0,160,0,160
"2016-11-20 18:20:13,315",2,4,160,4,40,40,True,LinearRegression,32,32,200,0,0,160,0,160
"2016-11-20 18:20:16,021",2,4,160,4,40,40,True,LinearRegression,32,32,200,0,0,160,0,160
"2016-11-20 18:20:19,072",2,4,160,4,40,40,True,LinearRegression,32,32,200,0,0,160,0,160
"2016-11-20 18:20:22,139",2,4,160,4,40,40,True,LinearRegression,32,32,200,0,0,160,0,160
"2016-11-20 18:20:24,896",2,4,160,4,40,40,True,LinearRegression,32,32,200,0,0,160,0,160
"2016-11-20 18:20:28,001",2,4,160,4,40,40,True,LinearRegression,32,32,200,0,0,160,0,160
"2016-11-20 18:20:31,134",2,4,160,4,40,40,True,LinearRegression,32,32,200,0,0,160,0,160
"2016-11-20 18:20:33,976",2,4,160,4,40,40,True,LinearRegression,32,32,200,0,0,160,0,160
"2016-11-20 18:20:37,023",2,4,160,4,40,40,True,LinearRegression,32,32,200,0,0,160,0,160
"2016-11-20 18:20:39,654",2,4,160,4,40,40,True,LinearRegression,32,32,200,0,0,160,0,160
"2016-11-20 18:20:42,116",2,4,160,4,40,40,True,LinearRegression,32,32,200,0,0,160,0,160
"2016-11-20 18:20:44,512",2,4,160,4,40,40,True,LinearRegression,32,32,200,0,0,160,0,160
"2016-11-20 18:20:46,801",2,4,160,4,40,40,True,LinearRegression,32,32,200,0,0,160,0,160
"2016-11-20 18:20:49,381",2,4,160,4,40,40,True,LinearRegression,32,32,200,0,0,160,0,160
"2016-11-20 18:20:52,068",2,4,160,4,40,40,True,LinearRegression,32,32,200,0,0,160,0,160
"2016-11-20 18:20:54,630",2,4,160,4,40,40,True,LinearRegression,32,32,200,0,0,160,0,160
"2016-11-20 18:20:57,272",2,4,160,4,40,40,True,LinearRegression,32,32,200,0,0,160,0,160
"2016-11-20 18:21:01,478",2,4,160,4,40,40,True,LinearRegression,32,32,200,0,0,160,0,160
"2016-11-20 18:21:04,421",2,4,160,4,40,40,True,LinearRegression,32,32,200,0,0,160,0,160
"2016-11-20 18:21:07,124",2,4,160,4,40,40,True,LinearRegression,32,32,200,0,0,160,0,160
"2016-11-20 18:21:09,787",2,4,160,4,40,40,True,LinearRegression,32,32,200,0,0,160,0,160
"2016-11-20 18:21:12,690",2,4,160,4,40,40,True,LinearRegression,32,32,200,0,0,160,0,160
"2016-11-20 18:21:15,265",2,4,160,4,40,40,True,LinearRegression,32,32,200,0,0,160,0,160
"2016-11-20 18:21:18,120",2,4,160,4,40,40,True,LinearRegression,32,32,200,0,0,160,0,160
"2016-11-20 18:21:21,036",2,4,160,4,40,40,True,LinearRegression,32,32,200,0,0,160,0,160
"2016-11-20 18:21:23,837",2,4,160,4,40,40,True,LinearRegression,32,32,200,0,0,160,0,160
"2016-11-20 18:21:26,611",2,4,160,4,40,40,True,LinearRegression,32,32,200,0,0,160,0,160
"2016-11-20 18:21:29,392",2,4,160,4,40,40,True,LinearRegression,32,32,200,0,0,160,0,160
"2016-11-20 18:21:32,188",2,4,160,4,40,40,True,LinearRegression,32,32,200,0,0,160,0,160
"2016-11-20 18:21:34,822",2,4,160,4,40,40,True,LinearRegression,32,32,200,0,0,160,0,160
"2016-11-20 18:21:37,453",2,4,160,4,40,40,True,LinearRegression,32,32,200,0,0,160,0,160
"2016-11-20 18:21:40,253",2,4,160,4,40,40,True,LinearRegression,32,32,200,0,0,160,0,160
"2016-11-20 18:21:44,040",2,4,160,4,40,40,True,LinearRegression,32,32,200,0,0,160,0,160
"2016-11-20 18:21:47,445",2,4,160,4,40,40,True,LinearRegression,32,32,200,0,0,160,0,160
"2016-11-20 18:21:50,335",2,4,160,4,40,40,True,LinearRegression,32,32,200,0,0,160,0,160
"2016-11-20 18:21:53,009",2,4,160,4,40,40,True,LinearRegression,32,32,200,0,0,160,0,160
"2016-11-20 18:21:56,197",2,4,160,4,40,40,True,LinearRegression,32,32,200,0,0,160,0,160
"2016-11-20 18:21:59,184",2,4,160,4,40,40,True,LinearRegression,32,32,200,0,0,160,0,160
"2016-11-20 18:22:02,027",2,4,160,4,40,40,True,LinearRegression,32,32,200,0,0,160,0,160
"2016-11-20 18:22:05,192",2,4,160,4,40,40,True,LinearRegression,32,32,200,0,0,160,0,160
"2016-11-20 18:22:08,064",2,4,160,4,40,40,True,LinearRegression,32,32,200,0,0,160,0,160
"2016-11-20 18:22:10,860",2,4,160,4,40,40,True,LinearRegression,32,32,200,0,0,160,0,160
"2016-11-20 18:22:13,632",2,4,160,4,40,40,True,LinearRegression,32,32,200,0,0,160,0,160
"2016-11-20 18:22:16,412",2,4,160,4,40,40,True,LinearRegression,32,32,200,0,0,160,0,160
"2016-11-20 18:22:20,285",2,4,160,4,40,40,True,LinearRegression,32,32,200,0,0,160,0,160
"2016-11-20 18:22:23,920",2,4,160,4,40,40,True,LinearRegression,32,32,200,0,0,160,0,160
"2016-11-20 18:22:26,928",2,4,160,4,40,40,True,LinearRegression,32,32,200,0,0,160,0,160
"2016-11-20 18:22:29,859",2,4,160,4,40,40,True,LinearRegression,32,32,200,0,0,160,0,160
"2016-11-20 18:22:33,084",2,4,160,4,40,40,True,LinearRegression,32,32,200,0,0,160,0,160
"2016-11-20 18:22:35,880",2,4,160,4,40,40,True,LinearRegression,32,32,200,0,0,160,0,160
"2016-11-20 18:22:38,938",2,4,160,4,40,40,True,LinearRegression,32,32,200,0,0,160,0,160
"2016-11-20 18:22:42,032",2,4,160,4,40,40,True,LinearRegression,32,32,200,0,0,160,0,160
"2016-11-20 18:22:44,818",2,4,160,4,40,40,True,LinearRegression,32,32,200,0,0,160,0,160
"2016-11-20 18:22:48,071",2,4,160,4,40,40,True,LinearRegression,32,32,200,0,0,160,0,160
"2016-11-20 18:22:51,109",2,4,160,4,40,40,True,LinearRegression,32,32,200,0,0,160,0,160
"2016-11-20 18:22:53,995",2,4,160,4,40,40,True,LinearRegression,32,32,200,0,0,160,0,160
"2016-11-20 18:22:57,239",2,4,160,4,40,40,True,LinearRegression,32,32,200,0,0,160,0,160
"2016-11-20 18:23:00,060",2,4,160,4,40,40,True,LinearRegression,32,32,200,0,0,160,0,160
"2016-11-20 18:23:02,781",2,4,160,4,40,40,True,LinearRegression,32,32,200,0,0,160,0,160
"2016-11-20 18:23:05,548",2,4,160,4,40,40,True,LinearRegression,32,32,200,0,0,160,0,160
"2016-11-20 18:23:08,404",2,4,160,4,40,40,True,LinearRegression,32,32,200,0,0,160,0,160
"2016-11-20 18:23:11,262",2,4,160,4,40,40,True,LinearRegression,32,32,200,0,0,160,0,160
"2016-11-20 18:23:14,426",2,4,160,4,40,40,True,LinearRegression,32,32,200,0,0,160,0,160
"2016-11-20 18:23:18,400",2,4,160,4,40,40,True,LinearRegression,32,32,200,0,0,160,0,160
"2016-11-20 18:23:21,391",2,4,160,4,40,40,True,LinearRegression,32,32,200,0,0,160,0,160
"2016-11-20 18:23:24,199",2,4,160,4,40,40,True,LinearRegression,32,32,200,0,0,160,0,160
"2016-11-20 18:23:26,953",2,4,160,4,40,40,True,LinearRegression,32,32,200,0,0,160,0,160
"2016-11-20 18:23:29,673",2,4,160,4,40,40,True,LinearRegression,32,32,200,0,0,160,0,160
"2016-11-20 18:23:32,488",2,4,160,4,40,40,True,LinearRegression,32,32,200,0,0,160,0,160
"2016-11-20 18:23:36,266",2,4,160,4,40,40,True,LinearRegression,32,32,200,0,0,160,0,160
"2016-11-20 18:23:39,951",2,4,160,4,40,40,True,LinearRegression,32,32,200,0,0,160,0,160
"2016-11-20 18:23:42,942",2,4,160,4,40,40,True,LinearRegression,32,32,200,0,0,160,0,160
"2016-11-20 18:23:45,821",2,4,160,4,40,40,True,LinearRegression,32,32,200,0,0,160,0,160
"2016-11-20 18:23:49,027",2,4,160,4,40,40,True,LinearRegression,32,32,200,0,0,160,0,160
"2016-11-20 18:23:51,935",2,4,160,4,40,40,True,LinearRegression,32,32,200,0,0,160,0,160
"2016-11-20 18:23:54,661",2,4,160,4,40,40,True,LinearRegression,32,32,200,0,0,160,0,160
"2016-11-20 18:23:57,293",2,4,160,4,40,40,True,LinearRegression,32,32,200,0,0,160,0,160
"2016-11-20 18:24:00,091",2,4,160,4,40,40,True,LinearRegression,32,32,200,0,0,160,0,160
"2016-11-20 18:24:02,854",2,4,160,4,40,40,True,LinearRegression,32,32,200,0,0,160,0,160
"2016-11-20 18:24:05,486",2,4,160,4,40,40,True,LinearRegression,32,32,200,0,0,160,0,160
"2016-11-20 18:24:08,294",2,4,160,4,40,40,True,LinearRegression,32,32,200,0,0,160,0,160
"2016-11-20 18:24:11,911",2,4,160,4,40,40,True,LinearRegression,32,32,200,0,0,160,0,160
"2016-11-20 18:24:15,480",2,4,160,4,40,40,True,LinearRegression,32,32,200,0,0,160,0,160
"2016-11-20 18:24:18,432",2,4,160,4,40,40,True,LinearRegression,32,32,200,0,0,160,0,160
"2016-11-20 18:24:21,202",2,4,160,4,40,40,True,LinearRegression,32,32,200,0,0,160,0,160
"2016-11-20 18:24:24,334",2,4,160,4,40,40,True,LinearRegression,32,32,200,0,0,160,0,160
"2016-11-20 18:24:27,327",2,4,160,4,40,40,True,LinearRegression,32,32,200,0,0,160,0,160
"2016-11-20 18:24:30,141",2,4,160,4,40,40,True,LinearRegression,32,32,200,0,0,160,0,160
"2016-11-20 18:24:33,182",2,4,160,4,40,40,True,LinearRegression,32,32,200,0,0,160,0,160
"2016-11-20 18:24:35,845",2,4,160,4,40,40,True,LinearRegression,32,32,200,0,0,160,0,160
"2016-11-20 18:24:38,730",2,4,160,4,40,40,True,LinearRegression,32,32,200,0,0,160,0,160
"2016-11-20 18:24:41,782",2,4,160,4,40,40,True,LinearRegression,32,32,200,0,0,160,0,160
"2016-11-20 18:24:44,348",2,4,160,4,40,40,True,LinearRegression,32,32,200,0,0,160,0,160
"2016-11-20 18:24:46,908",2,4,160,4,40,40,True,LinearRegression,32,32,200,0,0,160,0,160
"2016-11-20 18:24:49,839",2,4,160,4,40,40,True,LinearRegression,32,32,200,0,0,160,0,160
"2016-11-20 18:24:52,282",2,4,160,4,40,40,True,LinearRegression,32,32,200,0,0,160,0,160
"2016-11-20 18:24:55,127",2,4,160,4,40,40,True,LinearRegression,32,32,200,0,0,160,0,160
"2016-11-20 18:24:58,008",2,4,160,4,40,40,True,LinearRegression,32,32,200,0,0,160,0,160
"2016-11-20 18:25:00,725",2,4,160,4,40,40,True,LinearRegression,32,32,200,0,0,160,0,160
"2016-11-20 18:25:03,752",2,4,160,4,40,40,True,LinearRegression,32,32,200,0,0,160,0,160
"2016-11-20 18:25:06,576",2,4,160,4,40,40,True,LinearRegression,32,32,200,0,0,160,0,160
"2016-11-20 18:25:09,167",2,4,160,4,40,40,True,LinearRegression,32,32,200,0,0,160,0,160
"2016-11-20 18:25:12,244",2,4,160,4,40,40,True,LinearRegression,32,32,200,0,0,160,0,160
"2016-11-20 18:25:15,100",2,4,160,4,40,40,True,LinearRegression,32,32,200,0,0,160,0,160
"2016-11-20 18:25:17,821",2,4,160,4,40,40,True,LinearRegression,32,32,200,0,0,160,0,160
"2016-11-20 18:25:20,351",2,4,160,4,40,40,True,LinearRegression,32,32,200,0,0,160,0,160
"2016-11-20 18:25:22,988",2,4,160,4,40,40,True,LinearRegression,32,32,200,0,0,160,0,160
"2016-11-20 18:25:25,619",2,4,160,4,40,40,True,LinearRegression,32,32,200,0,0,160,0,160
"2016-11-20 18:25:28,064",2,4,160,4,40,40,True,LinearRegression,32,32,200,0,0,160,0,160
"2016-11-20 18:25:30,728",2,4,160,4,40,40,True,LinearRegression,32,32,200,0,0,160,0,160
"2016-11-20 18:25:33,407",2,4,160,4,40,40,True,LinearRegression,32,32,200,0,0,160,0,160
"2016-11-20 18:25:37,583",2,4,160,4,40,40,True,LinearRegression,32,32,200,0,0,160,0,160
"2016-11-20 18:25:40,657",2,4,160,4,40,40,True,LinearRegression,32,32,200,0,0,160,0,160
"2016-11-20 18:25:43,569",2,4,160,4,40,40,True,LinearRegression,32,32,200,0,0,160,0,160
"2016-11-20 18:25:46,473",2,4,160,4,40,40,True,LinearRegression,32,32,200,0,0,160,0,160
"2016-11-20 18:25:49,677",2,4,160,4,40,40,True,LinearRegression,32,32,200,0,0,160,0,160
"2016-11-20 18:25:52,553",2,4,160,4,40,40,True,LinearRegression,32,32,200,0,0,160,0,160
"2016-11-20 18:25:55,576",2,4,160,4,40,40,True,LinearRegression,32,32,200,0,0,160,0,160
"2016-11-20 18:25:58,548",2,4,160,4,40,40,True,LinearRegression,32,32,200,0,0,160,0,160
"2016-11-20 18:26:01,422",2,4,160,4,40,40,True,LinearRegression,32,32,200,0,0,160,0,160
"2016-11-20 18:26:03,938",2,4,160,4,40,40,True,LinearRegression,32,32,200,0,0,160,0,160
"2016-11-20 18:26:06,571",2,4,160,4,40,40,True,LinearRegression,32,32,200,0,0,160,0,160
"2016-11-20 18:26:09,356",2,4,160,4,40,40,True,LinearRegression,32,32,200,0,0,160,0,160
"2016-11-20 18:26:12,003",2,4,160,4,40,40,True,LinearRegression,32,32,200,0,0,160,0,160
"2016-11-20 18:26:14,676",2,4,160,4,40,40,True,LinearRegression,32,32,200,0,0,160,0,160
"2016-11-20 18:26:17,451",2,4,160,4,40,40,True,LinearRegression,32,32,200,0,0,160,0,160
"2016-11-20 18:26:20,049",2,4,160,4,40,40,True,LinearRegression,32,32,200,0,0,160,0,160
"2016-11-20 18:26:22,810",2,4,160,4,40,40,True,LinearRegression,32,32,200,0,0,160,0,160
"2016-11-20 18:26:25,685",2,4,160,4,40,40,True,LinearRegression,32,32,200,0,0,160,0,160
"2016-11-20 18:26:28,385",2,4,160,4,40,40,True,LinearRegression,32,32,200,0,0,160,0,160
"2016-11-20 18:26:31,030",2,4,160,4,40,40,True,LinearRegression,32,32,200,0,0,160,0,160
"2016-11-20 18:26:33,757",2,4,160,4,40,40,True,LinearRegression,32,32,200,0,0,160,0,160
"2016-11-20 18:26:36,582",2,4,160,4,40,40,True,LinearRegression,32,32,200,0,0,160,0,160
"2016-11-20 18:26:40,304",2,4,160,4,40,40,True,LinearRegression,32,32,200,0,0,160,0,160
"2016-11-20 18:26:43,962",2,4,160,4,40,40,True,LinearRegression,32,32,200,0,0,160,0,160
"2016-11-20 18:26:46,998",2,4,160,4,40,40,True,LinearRegression,32,32,200,0,0,160,0,160
"2016-11-20 18:26:49,812",2,4,160,4,40,40,True,LinearRegression,32,32,200,0,0,160,0,160
"2016-11-20 18:26:52,417",2,4,160,4,40,40,True,LinearRegression,32,32,200,0,0,160,0,160
"2016-11-20 18:26:55,088",2,4,160,4,40,40,True,LinearRegression,32,32,200,0,0,160,0,160
"2016-11-20 18:26:57,774",2,4,160,4,40,40,True,LinearRegression,32,32,200,0,0,160,0,160
"2016-11-20 18:27:00,381",2,4,160,4,40,40,True,LinearRegression,32,32,200,0,0,160,0,160
"2016-11-20 18:27:03,143",2,4,160,4,40,40,True,LinearRegression,32,32,200,0,0,160,0,160
"2016-11-20 18:27:06,180",2,4,160,4,40,40,True,LinearRegression,32,32,200,0,0,160,0,160
"2016-11-20 18:27:10,185",2,4,160,4,40,40,True,LinearRegression,32,32,200,0,0,160,0,160
"2016-11-20 18:27:13,345",2,4,160,4,40,40,True,LinearRegression,32,32,200,0,0,160,0,160
"2016-11-20 18:27:16,200",2,4,160,4,40,40,True,LinearRegression,32,32,200,0,0,160,0,160
"2016-11-20 18:27:18,920",2,4,160,4,40,40,True,LinearRegression,32,32,200,0,0,160,0,160
"2016-11-20 18:27:21,487",2,4,160,4,40,40,True,LinearRegression,32,32,200,0,0,160,0,160
"2016-11-20 18:27:24,246",2,4,160,4,40,40,True,LinearRegression,32,32,200,0,0,160,0,160
"2016-11-20 18:27:26,968",2,4,160,4,40,40,True,LinearRegression,32,32,200,0,0,160,0,160
"2016-11-20 18:27:29,454",2,4,160,4,40,40,True,LinearRegression,32,32,200,0,0,160,0,160
"2016-11-20 18:27:32,234",2,4,160,4,40,40,True,LinearRegression,32,32,200,0,0,160,0,160
"2016-11-20 18:27:34,958",2,4,160,4,40,40,True,LinearRegression,32,32,200,0,0,160,0,160
"2016-11-20 18:27:37,546",2,4,160,4,40,40,True,LinearRegression,32,32,200,0,0,160,0,160
"2016-11-20 18:27:40,319",2,4,160,4,40,40,True,LinearRegression,32,32,200,0,0,160,0,160
"2016-11-20 18:27:42,970",2,4,160,4,40,40,True,LinearRegression,32,32,200,0,0,160,0,160
"2016-11-20 18:27:45,661",2,4,160,4,40,40,True,LinearRegression,32,32,200,0,0,160,0,160
"2016-11-20 18:27:48,473",2,4,160,4,40,40,True,LinearRegression,32,32,200,0,0,160,0,160
"2016-11-20 18:27:52,114",2,4,160,4,40,40,True,LinearRegression,32,32,200,0,0,160,0,160
"2016-11-20 18:27:55,703",2,4,160,4,40,40,True,LinearRegression,32,32,200,0,0,160,0,160
"2016-11-20 18:27:58,753",2,4,160,4,40,40,True,LinearRegression,32,32,200,0,0,160,0,160
"2016-11-20 18:28:01,497",2,4,160,4,40,40,True,LinearRegression,32,32,200,0,0,160,0,160
"2016-11-20 18:28:04,555",2,4,160,4,40,40,True,LinearRegression,32,32,200,0,0,160,0,160
"2016-11-20 18:28:07,481",2,4,160,4,40,40,True,LinearRegression,32,32,200,0,0,160,0,160
"2016-11-20 18:28:10,194",2,4,160,4,40,40,True,LinearRegression,32,32,200,0,0,160,0,160
"2016-11-20 18:28:13,134",2,4,160,4,40,40,True,LinearRegression,32,32,200,0,0,160,0,160
"2016-11-20 18:28:15,820",2,4,160,4,40,40,True,LinearRegression,32,32,200,0,0,160,0,160
"2016-11-20 18:28:18,468",2,4,160,4,40,40,True,LinearRegression,32,32,200,0,0,160,0,160
"2016-11-20 18:28:21,321",2,4,160,4,40,40,True,LinearRegression,32,32,200,0,0,160,0,160
"2016-11-20 18:28:23,677",2,4,160,4,40,40,True,LinearRegression,32,32,200,0,0,160,0,160
"2016-11-20 18:28:26,349",2,4,160,4,40,40,True,LinearRegression,32,32,200,0,0,160,0,160
"2016-11-20 18:28:29,500",2,4,160,4,40,40,True,LinearRegression,32,32,200,0,0,160,0,160
"2016-11-20 18:28:32,323",2,4,160,4,40,40,True,LinearRegression,32,32,200,0,0,160,0,160
"2016-11-20 18:28:35,056",2,4,160,4,40,40,True,LinearRegression,32,32,200,0,0,160,0,160
"2016-11-20 18:28:37,797",2,4,160,4,40,40,True,LinearRegression,32,32,200,0,0,160,0,160
"2016-11-20 18:28:40,544",2,4,160,4,40,40,True,LinearRegression,32,32,200,0,0,160,0,160
"2016-11-20 18:28:43,244",2,4,160,4,40,40,True,LinearRegression,32,32,200,0,0,160,0,160
"2016-11-20 18:28:45,873",2,4,160,4,40,40,True,LinearRegression,32,32,200,0,0,160,0,160
"2016-11-20 18:28:48,564",2,4,160,4,40,40,True,LinearRegression,32,32,200,0,0,160,0,160
"2016-11-20 18:28:51,333",2,4,160,4,40,40,True,LinearRegression,32,32,200,0,0,160,0,160
"2016-11-20 18:28:54,337",2,4,160,4,40,40,True,LinearRegression,32,32,200,0,0,160,0,160
"2016-11-20 18:28:58,607",2,4,160,4,40,40,True,LinearRegression,32,32,200,0,0,160,0,160
"2016-11-20 18:29:01,820",2,4,160,4,40,40,True,LinearRegression,32,32,200,0,0,160,0,160
"2016-11-20 18:29:04,662",2,4,160,4,40,40,True,LinearRegression,32,32,200,0,0,160,0,160
"2016-11-20 18:29:07,738",2,4,160,4,40,40,True,LinearRegression,32,32,200,0,0,160,0,160
"2016-11-20 18:29:10,776",2,4,160,4,40,40,True,LinearRegression,32,32,200,0,0,160,0,160
"2016-11-20 18:29:13,630",2,4,160,4,40,40,True,LinearRegression,32,32,200,0,0,160,0,160
"2016-11-20 18:29:16,820",2,4,160,4,40,40,True,LinearRegression,32,32,200,0,0,160,0,160
"2016-11-20 18:29:19,760",2,4,160,4,40,40,True,LinearRegression,32,32,200,0,0,160,0,160
"2016-11-20 18:29:22,722",2,4,160,4,40,40,True,LinearRegression,32,32,200,0,0,160,0,160
"2016-11-20 18:29:25,862",2,4,160,4,40,40,True,LinearRegression,32,32,200,0,0,160,0,160
"2016-11-20 18:29:28,656",2,4,160,4,40,40,True,LinearRegression,32,32,200,0,0,160,0,160
"2016-11-20 18:29:31,576",2,4,160,4,40,40,True,LinearRegression,32,32,200,0,0,160,0,160
"2016-11-20 18:29:34,512",2,4,160,4,40,40,True,LinearRegression,32,32,200,0,0,160,0,160
"2016-11-20 18:29:37,203",2,4,160,4,40,40,True,LinearRegression,32,32,200,0,0,160,0,160
"2016-11-20 18:29:40,258",2,4,160,4,40,40,True,LinearRegression,32,32,200,0,0,160,0,160
"2016-11-20 18:29:43,193",2,4,160,4,40,40,True,LinearRegression,32,32,200,0,0,160,0,160
"2016-11-20 18:29:46,041",2,4,160,4,40,40,True,LinearRegression,32,32,200,0,0,160,0,160
"2016-11-20 18:29:49,186",2,4,160,4,40,40,True,LinearRegression,32,32,200,0,0,160,0,160
"2016-11-20 18:29:52,096",2,4,160,4,40,40,True,LinearRegression,32,32,200,0,0,160,0,160
"2016-11-20 18:29:54,789",2,4,160,4,40,40,True,LinearRegression,32,32,200,0,0,160,0,160
"2016-11-20 18:29:57,268",2,4,160,4,40,40,True,LinearRegression,32,32,200,0,0,160,0,160
"2016-11-20 18:29:59,737",2,4,160,4,40,40,True,LinearRegression,32,32,200,0,0,160,0,160
"2016-11-20 18:30:02,268",2,4,160,4,40,40,True,LinearRegression,32,32,200,0,0,160,0,160
"2016-11-20 18:30:06,144",2,4,160,4,40,40,True,LinearRegression,32,32,200,0,0,160,0,160
"2016-11-20 18:30:09,229",2,4,160,4,40,40,True,LinearRegression,32,32,200,0,0,160,0,160
"2016-11-20 18:30:11,755",2,4,160,4,40,40,True,LinearRegression,32,32,200,0,0,160,0,160
"2016-11-20 18:30:14,325",2,4,160,4,40,40,True,LinearRegression,32,32,200,0,0,160,0,160
"2016-11-20 18:30:17,304",2,4,160,4,40,40,True,LinearRegression,32,32,200,0,0,160,0,160
"2016-11-20 18:30:19,929",2,4,160,4,40,40,True,LinearRegression,32,32,200,0,0,160,0,160
"2016-11-20 18:30:22,598",2,4,160,4,40,40,True,LinearRegression,32,32,200,0,0,160,0,160
"2016-11-20 18:30:25,597",2,4,160,4,40,40,True,LinearRegression,32,32,200,0,0,160,0,160
"2016-11-20 18:30:28,210",2,4,160,4,40,40,True,LinearRegression,32,32,200,0,0,160,0,160
"2016-11-20 18:30:30,975",2,4,160,4,40,40,True,LinearRegression,32,32,200,0,0,160,0,160
"2016-11-20 18:30:34,108",2,4,160,4,40,40,True,LinearRegression,32,32,200,0,0,160,0,160
"2016-11-20 18:30:36,880",2,4,160,4,40,40,True,LinearRegression,32,32,200,0,0,160,0,160
"2016-11-20 18:30:39,947",2,4,160,4,40,40,True,LinearRegression,32,32,200,0,0,160,0,160
"2016-11-20 18:30:43,045",2,4,160,4,40,40,True,LinearRegression,32,32,200,0,0,160,0,160
"2016-11-20 18:30:45,848",2,4,160,4,40,40,True,LinearRegression,32,32,200,0,0,160,0,160
"2016-11-20 18:30:48,507",2,4,160,4,40,40,True,LinearRegression,32,32,200,0,0,160,0,160
"2016-11-20 18:30:51,179",2,4,160,4,40,40,True,LinearRegression,32,32,200,0,0,160,0,160
"2016-11-20 18:30:53,987",2,4,160,4,40,40,True,LinearRegression,32,32,200,0,0,160,0,160
"2016-11-20 18:30:56,607",2,4,160,4,40,40,True,LinearRegression,32,32,200,0,0,160,0,160
"2016-11-20 18:30:59,294",2,4,160,4,40,40,True,LinearRegression,32,32,200,0,0,160,0,160
"2016-11-20 18:31:02,272",2,4,160,4,40,40,True,LinearRegression,32,32,200,0,0,160,0,160
"2016-11-20 18:31:06,268",2,4,160,4,40,40,True,LinearRegression,32,32,200,0,0,160,0,160
"2016-11-20 18:31:09,385",2,4,160,4,40,40,True,LinearRegression,32,32,200,0,0,160,0,160
"2016-11-20 18:31:12,137",2,4,160,4,40,40,True,LinearRegression,32,32,200,0,0,160,0,160
"2016-11-20 18:31:14,823",2,4,160,4,40,40,True,LinearRegression,32,32,200,0,0,160,0,160
"2016-11-20 18:31:17,471",2,4,160,4,40,40,True,LinearRegression,32,32,200,0,0,160,0,160
"2016-11-20 18:31:20,207",2,4,160,4,40,40,True,LinearRegression,32,32,200,0,0,160,0,160
"2016-11-20 18:31:23,546",2,4,160,4,40,40,True,LinearRegression,32,32,200,0,0,160,0,160
"2016-11-20 18:31:27,141",2,4,160,4,40,40,True,LinearRegression,32,32,200,0,0,160,0,160
"2016-11-20 18:31:29,810",2,4,160,4,40,40,True,LinearRegression,32,32,200,0,0,160,0,160
"2016-11-20 18:31:32,216",2,4,160,4,40,40,True,LinearRegression,32,32,200,0,0,160,0,160
"2016-11-20 18:31:35,071",2,4,160,4,40,40,True,LinearRegression,32,32,200,0,0,160,0,160
"2016-11-20 18:31:38,053",2,4,160,4,40,40,True,LinearRegression,32,32,200,0,0,160,0,160
"2016-11-20 18:31:40,394",2,4,160,4,40,40,True,LinearRegression,32,32,200,0,0,160,0,160
"2016-11-20 18:31:43,083",2,4,160,4,40,40,True,LinearRegression,32,32,200,0,0,160,0,160
"2016-11-20 18:31:46,225",2,4,160,4,40,40,True,LinearRegression,32,32,200,0,0,160,0,160
"2016-11-20 18:31:48,944",2,4,160,4,40,40,True,LinearRegression,32,32,200,0,0,160,0,160
"2016-11-20 18:31:51,974",2,4,160,4,40,40,True,LinearRegression,32,32,200,0,0,160,0,160
"2016-11-20 18:31:55,033",2,4,160,4,40,40,True,LinearRegression,32,32,200,0,0,160,0,160
"2016-11-20 18:31:57,840",2,4,160,4,40,40,True,LinearRegression,32,32,200,0,0,160,0,160
"2016-11-20 18:32:00,435",2,4,160,4,40,40,True,LinearRegression,32,32,200,0,0,160,0,160
"2016-11-20 18:32:03,203",2,4,160,4,40,40,True,LinearRegression,32,32,200,0,0,160,0,160
"2016-11-20 18:32:05,944",2,4,160,4,40,40,True,LinearRegression,32,32,200,0,0,160,0,160
"2016-11-20 18:32:09,971",2,4,160,4,40,40,True,LinearRegression,32,32,200,0,0,160,0,160
"2016-11-20 18:32:12,913",2,4,160,4,40,40,True,LinearRegression,32,32,200,0,0,160,0,160
"2016-11-20 18:32:15,784",2,4,160,4,40,40,True,LinearRegression,32,32,200,0,0,160,0,160
"2016-11-20 18:32:18,687",2,4,160,4,40,40,True,LinearRegression,32,32,200,0,0,160,0,160
"2016-11-20 18:32:21,833",2,4,160,4,40,40,True,LinearRegression,32,32,200,0,0,160,0,160
"2016-11-20 18:32:24,660",2,4,160,4,40,40,True,LinearRegression,32,32,200,0,0,160,0,160
"2016-11-20 18:32:27,437",2,4,160,4,40,40,True,LinearRegression,32,32,200,0,0,160,0,160
"2016-11-20 18:32:30,163",2,4,160,4,40,40,True,LinearRegression,32,32,200,0,0,160,0,160
"2016-11-20 18:32:33,019",2,4,160,4,40,40,True,LinearRegression,32,32,200,0,0,160,0,160
"2016-11-20 18:32:36,769",2,4,160,4,40,40,True,LinearRegression,32,32,200,0,0,160,0,160
"2016-11-20 18:32:40,284",2,4,160,4,40,40,True,LinearRegression,32,32,200,0,0,160,0,160
"2016-11-20 18:32:43,227",2,4,160,4,40,40,True,LinearRegression,32,32,200,0,0,160,0,160
"2016-11-20 18:32:45,945",2,4,160,4,40,40,True,LinearRegression,32,32,200,0,0,160,0,160
"2016-11-20 18:32:48,394",2,4,160,4,40,40,True,LinearRegression,32,32,200,0,0,160,0,160
"2016-11-20 18:32:50,951",2,4,160,4,40,40,True,LinearRegression,32,32,200,0,0,160,0,160
"2016-11-20 18:32:53,701",2,4,160,4,40,40,True,LinearRegression,32,32,200,0,0,160,0,160
"2016-11-20 18:32:57,773",2,4,160,4,40,40,True,LinearRegression,32,32,200,0,0,160,0,160
"2016-11-20 18:33:00,912",2,4,160,4,40,40,True,LinearRegression,32,32,200,0,0,160,0,160
"2016-11-20 18:33:03,781",2,4,160,4,40,40,True,LinearRegression,32,32,200,0,0,160,0,160
"2016-11-20 18:33:06,582",2,4,160,4,40,40,True,LinearRegression,32,32,200,0,0,160,0,160
"2016-11-20 18:33:09,637",2,4,160,4,40,40,True,LinearRegression,32,32,200,0,0,160,0,160
"2016-11-20 18:33:12,406",2,4,160,4,40,40,True,LinearRegression,32,32,200,0,0,160,0,160
"2016-11-20 18:33:15,215",2,4,160,4,40,40,True,LinearRegression,32,32,200,0,0,160,0,160
"2016-11-20 18:33:18,061",2,4,160,4,40,40,True,LinearRegression,32,32,200,0,0,160,0,160
"2016-11-20 18:33:20,681",2,4,160,4,40,40,True,LinearRegression,32,32,200,0,0,160,0,160
"2016-11-20 18:33:23,592",2,4,160,4,40,40,True,LinearRegression,32,32,200,0,0,160,0,160
"2016-11-20 18:33:26,586",2,4,160,4,40,40,True,LinearRegression,32,32,200,0,0,160,0,160
"2016-11-20 18:33:29,230",2,4,160,4,40,40,True,LinearRegression,32,32,200,0,0,160,0,160
"2016-11-20 18:33:32,348",2,4,160,4,40,40,True,LinearRegression,32,32,200,0,0,160,0,160
"2016-11-20 18:33:35,268",2,4,160,4,40,40,True,LinearRegression,32,32,200,0,0,160,0,160
"2016-11-20 18:33:37,966",2,4,160,4,40,40,True,LinearRegression,32,32,200,0,0,160,0,160
"2016-11-20 18:33:40,616",2,4,160,4,40,40,True,LinearRegression,32,32,200,0,0,160,0,160
"2016-11-20 18:33:43,331",2,4,160,4,40,40,True,LinearRegression,32,32,200,0,0,160,0,160
"2016-11-20 18:33:46,112",2,4,160,4,40,40,True,LinearRegression,32,32,200,0,0,160,0,160
"2016-11-20 18:33:48,691",2,4,160,4,40,40,True,LinearRegression,32,32,200,0,0,160,0,160
"2016-11-20 18:33:51,423",2,4,160,4,40,40,True,LinearRegression,32,32,200,0,0,160,0,160
"2016-11-20 18:33:54,294",2,4,160,4,40,40,True,LinearRegression,32,32,200,0,0,160,0,160
"2016-11-20 18:33:58,361",2,4,160,4,40,40,True,LinearRegression,32,32,200,0,0,160,0,160
"2016-11-20 18:34:01,396",2,4,160,4,40,40,True,LinearRegression,32,32,200,0,0,160,0,160
"2016-11-20 18:34:04,170",2,4,160,4,40,40,True,LinearRegression,32,32,200,0,0,160,0,160
"2016-11-20 18:34:07,149",2,4,160,4,40,40,True,LinearRegression,32,32,200,0,0,160,0,160
"2016-11-20 18:34:10,311",2,4,160,4,40,40,True,LinearRegression,32,32,200,0,0,160,0,160
"2016-11-20 18:34:13,179",2,4,160,4,40,40,True,LinearRegression,32,32,200,0,0,160,0,160
"2016-11-20 18:34:16,366",2,4,160,4,40,40,True,LinearRegression,32,32,200,0,0,160,0,160
"2016-11-20 18:34:19,384",2,4,160,4,40,40,True,LinearRegression,32,32,200,0,0,160,0,160
"2016-11-20 18:34:22,154",2,4,160,4,40,40,True,LinearRegression,32,32,200,0,0,160,0,160
"2016-11-20 18:34:24,730",2,4,160,4,40,40,True,LinearRegression,32,32,200,0,0,160,0,160
"2016-11-20 18:34:27,427",2,4,160,4,40,40,True,LinearRegression,32,32,200,0,0,160,0,160
"2016-11-20 18:34:30,149",2,4,160,4,40,40,True,LinearRegression,32,32,200,0,0,160,0,160
"2016-11-20 18:34:32,732",2,4,160,4,40,40,True,LinearRegression,32,32,200,0,0,160,0,160
"2016-11-20 18:34:35,437",2,4,160,4,40,40,True,LinearRegression,32,32,200,0,0,160,0,160
"2016-11-20 18:34:38,218",2,4,160,4,40,40,True,LinearRegression,32,32,200,0,0,160,0,160
"2016-11-20 18:34:40,841",2,4,160,4,40,40,True,LinearRegression,32,32,200,0,0,160,0,160
"2016-11-20 18:34:43,543",2,4,160,4,40,40,True,LinearRegression,32,32,200,0,0,160,0,160
"2016-11-20 18:34:46,197",2,4,160,4,40,40,True,LinearRegression,32,32,200,0,0,160,0,160
"2016-11-20 18:34:48,898",2,4,160,4,40,40,True,LinearRegression,32,32,200,0,0,160,0,160
"2016-11-20 18:34:51,455",2,4,160,4,40,40,True,LinearRegression,32,32,200,0,0,160,0,160
"2016-11-20 18:34:53,981",2,4,160,4,40,40,True,LinearRegression,32,32,200,0,0,160,0,160
"2016-11-20 18:34:56,770",2,4,160,4,40,40,True,LinearRegression,32,32,200,0,0,160,0,160
"2016-11-20 18:34:59,514",2,4,160,4,40,40,True,LinearRegression,32,32,200,0,0,160,0,160
"2016-11-20 18:35:02,156",2,4,160,4,40,40,True,LinearRegression,32,32,200,0,0,160,0,160
"2016-11-20 18:35:04,845",2,4,160,4,40,40,True,LinearRegression,32,32,200,0,0,160,0,160
"2016-11-20 18:35:08,464",2,4,160,4,40,40,True,LinearRegression,32,32,200,0,0,160,0,160
"2016-11-20 18:35:12,083",2,4,160,4,40,40,True,LinearRegression,32,32,200,0,0,160,0,160
"2016-11-20 18:35:15,147",2,4,160,4,40,40,True,LinearRegression,32,32,200,0,0,160,0,160
"2016-11-20 18:35:17,923",2,4,160,4,40,40,True,LinearRegression,32,32,200,0,0,160,0,160
"2016-11-20 18:35:20,999",2,4,160,4,40,40,True,LinearRegression,32,32,200,0,0,160,0,160
"2016-11-20 18:35:23,897",2,4,160,4,40,40,True,LinearRegression,32,32,200,0,0,160,0,160
"2016-11-20 18:35:26,735",2,4,160,4,40,40,True,LinearRegression,32,32,200,0,0,160,0,160
"2016-11-20 18:35:29,798",2,4,160,4,40,40,True,LinearRegression,32,32,200,0,0,160,0,160
"2016-11-20 18:35:32,567",2,4,160,4,40,40,True,LinearRegression,32,32,200,0,0,160,0,160
"2016-11-20 18:35:35,271",2,4,160,4,40,40,True,LinearRegression,32,32,200,0,0,160,0,160
"2016-11-20 18:35:37,932",2,4,160,4,40,40,True,LinearRegression,32,32,200,0,0,160,0,160
"2016-11-20 18:35:40,678",2,4,160,4,40,40,True,LinearRegression,32,32,200,0,0,160,0,160
"2016-11-20 18:35:44,298",2,4,160,4,40,40,True,LinearRegression,32,32,200,0,0,160,0,160
"2016-11-20 18:35:48,041",2,4,160,4,40,40,True,LinearRegression,32,32,200,0,0,160,0,160
"2016-11-20 18:35:51,033",2,4,160,4,40,40,True,LinearRegression,32,32,200,0,0,160,0,160
"2016-11-20 18:35:54,113",2,4,160,4,40,40,True,LinearRegression,32,32,200,0,0,160,0,160
"2016-11-20 18:35:56,679",2,4,160,4,40,40,True,LinearRegression,32,32,200,0,0,160,0,160
"2016-11-20 18:35:59,351",2,4,160,4,40,40,True,LinearRegression,32,32,200,0,0,160,0,160
"2016-11-20 18:36:02,168",2,4,160,4,40,40,True,LinearRegression,32,32,200,0,0,160,0,160
"2016-11-20 18:36:04,808",2,4,160,4,40,40,True,LinearRegression,32,32,200,0,0,160,0,160
"2016-11-20 18:36:07,605",2,4,160,4,40,40,True,LinearRegression,32,32,200,0,0,160,0,160
"2016-11-20 18:36:10,401",2,4,160,4,40,40,True,LinearRegression,32,32,200,0,0,160,0,160
"2016-11-20 18:36:13,047",2,4,160,4,40,40,True,LinearRegression,32,32,200,0,0,160,0,160
"2016-11-20 18:36:15,782",2,4,160,4,40,40,True,LinearRegression,32,32,200,0,0,160,0,160
"2016-11-20 18:36:19,086",2,4,160,4,40,40,True,LinearRegression,32,32,200,0,0,160,0,160
"2016-11-20 18:36:23,126",2,4,160,4,40,40,True,LinearRegression,32,32,200,0,0,160,0,160
"2016-11-20 18:36:26,356",2,4,160,4,40,40,True,LinearRegression,32,32,200,0,0,160,0,160
"2016-11-20 18:36:29,215",2,4,160,4,40,40,True,LinearRegression,32,32,200,0,0,160,0,160
"2016-11-20 18:36:32,185",2,4,160,4,40,40,True,LinearRegression,32,32,200,0,0,160,0,160
"2016-11-20 18:36:35,228",2,4,160,4,40,40,True,LinearRegression,32,32,200,0,0,160,0,160
"2016-11-20 18:36:38,082",2,4,160,4,40,40,True,LinearRegression,32,32,200,0,0,160,0,160
"2016-11-20 18:36:41,349",2,4,160,4,40,40,True,LinearRegression,32,32,200,0,0,160,0,160
"2016-11-20 18:36:44,247",2,4,160,4,40,40,True,LinearRegression,32,32,200,0,0,160,0,160
"2016-11-20 18:36:47,202",2,4,160,4,40,40,True,LinearRegression,32,32,200,0,0,160,0,160
"2016-11-20 18:36:50,389",2,4,160,4,40,40,True,LinearRegression,32,32,200,0,0,160,0,160
"2016-11-20 18:36:53,286",2,4,160,4,40,40,True,LinearRegression,32,32,200,0,0,160,0,160
"2016-11-20 18:36:56,402",2,4,160,4,40,40,True,LinearRegression,32,32,200,0,0,160,0,160
"2016-11-20 18:36:59,433",2,4,160,4,40,40,True,LinearRegression,32,32,200,0,0,160,0,160
"2016-11-20 18:37:02,355",2,4,160,4,40,40,True,LinearRegression,32,32,200,0,0,160,0,160
"2016-11-20 18:37:04,816",2,4,160,4,40,40,True,LinearRegression,32,32,200,0,0,160,0,160
"2016-11-20 18:37:07,483",2,4,160,4,40,40,True,LinearRegression,32,32,200,0,0,160,0,160
"2016-11-20 18:37:10,291",2,4,160,4,40,40,True,LinearRegression,32,32,200,0,0,160,0,160
"2016-11-20 18:37:14,314",2,4,160,4,40,40,True,LinearRegression,32,32,200,0,0,160,0,160
"2016-11-20 18:37:17,224",2,4,160,4,40,40,True,LinearRegression,32,32,200,0,0,160,0,160
"2016-11-20 18:37:19,762",2,4,160,4,40,40,True,LinearRegression,32,32,200,0,0,160,0,160
"2016-11-20 18:37:22,234",2,4,160,4,40,40,True,LinearRegression,32,32,200,0,0,160,0,160
"2016-11-20 18:37:24,666",2,4,160,4,40,40,True,LinearRegression,32,32,200,0,0,160,0,160
"2016-11-20 18:37:27,353",2,4,160,4,40,40,True,LinearRegression,32,32,200,0,0,160,0,160
"2016-11-20 18:37:30,229",2,4,160,4,40,40,True,LinearRegression,32,32,200,0,0,160,0,160
"2016-11-20 18:37:33,097",2,4,160,4,40,40,True,LinearRegression,32,32,200,0,0,160,0,160
"2016-11-20 18:37:36,204",2,4,160,4,40,40,True,LinearRegression,32,32,200,0,0,160,0,160
"2016-11-20 18:37:39,368",2,4,160,4,40,40,True,LinearRegression,32,32,200,0,0,160,0,160
"2016-11-20 18:37:43,273",2,4,160,4,40,40,True,LinearRegression,32,32,200,0,0,160,0,160
"2016-11-20 18:37:46,452",2,4,160,4,40,40,True,LinearRegression,32,32,200,0,0,160,0,160
"2016-11-20 18:37:49,218",2,4,160,4,40,40,True,LinearRegression,32,32,200,0,0,160,0,160
"2016-11-20 18:37:52,390",2,4,160,4,40,40,True,LinearRegression,32,32,200,0,0,160,0,160
"2016-11-20 18:37:55,435",2,4,160,4,40,40,True,LinearRegression,32,32,200,0,0,160,0,160
"2016-11-20 18:37:58,229",2,4,160,4,40,40,True,LinearRegression,32,32,200,0,0,160,0,160
